# PD Controller Data Log (Direct Dynamixel Control)
# Kp: 5.5, Kd: 0.15
# Time(s), Reference(rad), Current(rad), Error(rad), Effort
0.0317, 1.500000, 1.564660, -0.064660, -0.355632
0.0637, 1.500000, 1.564660, -0.064660, -0.355632
0.0957, 1.500000, 1.564660, -0.064660, -0.355632
0.1277, 1.500000, 1.564660, -0.064660, -0.355632
0.1597, 1.500000, 1.564660, -0.064660, -0.355632
0.1917, 1.500000, 1.564660, -0.064660, -0.355632
0.2237, 1.500000, 1.564660, -0.064660, -0.355632
0.2557, 1.500000, 1.564660, -0.064660, -0.355632
0.2877, 1.500000, 1.564660, -0.064660, -0.355632
0.3198, 1.500000, 1.564660, -0.064660, -0.355632
0.3518, 1.500000, 1.564660, -0.064660, -0.355632
0.3838, 1.500000, 1.564660, -0.064660, -0.355632
0.4157, 1.500000, 1.564660, -0.064660, -0.355632
0.4478, 1.500000, 1.564660, -0.064660, -0.355632
0.4798, 1.500000, 1.564660, -0.064660, -0.355632
0.5118, 1.500000, 1.564660, -0.064660, -0.355632
0.5438, 1.500000, 1.564660, -0.064660, -0.355632
0.5758, 1.500000, 1.564660, -0.064660, -0.355632
0.6078, 1.500000, 1.564660, -0.064660, -0.355632
0.6399, 1.500000, 1.564660, -0.064660, -0.355632
0.6718, 1.500000, 1.564660, -0.064660, -0.355632
0.7038, 1.500000, 1.564660, -0.064660, -0.355632
0.7359, 1.500000, 1.564660, -0.064660, -0.355632
0.7678, 1.500000, 1.564660, -0.064660, -0.355632
0.7998, 1.500000, 1.564660, -0.064660, -0.355632
0.8318, 1.500000, 1.564660, -0.064660, -0.355632
0.8638, 1.500000, 1.564660, -0.064660, -0.355632
0.8957, 1.500000, 1.564660, -0.064660, -0.355632
0.9277, 1.500000, 1.564660, -0.064660, -0.355632
0.9597, 1.500000, 1.564660, -0.064660, -0.355632
0.9917, 1.500000, 1.564660, -0.064660, -0.355632
1.0237, 1.500000, 1.564660, -0.064660, -0.355632
1.0557, 1.500000, 1.564660, -0.064660, -0.355632
1.0877, 1.500000, 1.564660, -0.064660, -0.355632
1.1198, 1.500000, 1.564660, -0.064660, -0.355632
1.1518, 1.500000, 1.564660, -0.064660, -0.355632
1.1838, 1.500000, 1.564660, -0.064660, -0.355632
1.2158, 1.500000, 1.564660, -0.064660, -0.355632
1.2478, 1.500000, 1.564660, -0.064660, -0.355632
1.2797, 1.500000, 1.564660, -0.064660, -0.355632
1.3117, 1.500000, 1.564660, -0.064660, -0.355632
1.3437, 1.500000, 1.564660, -0.064660, -0.355632
1.3757, 1.500000, 1.564660, -0.064660, -0.355632
1.4077, 1.500000, 1.564660, -0.064660, -0.355632
1.4397, 1.500000, 1.564660, -0.064660, -0.355632
1.4717, 1.500000, 1.564660, -0.064660, -0.355632
1.5037, 1.500000, 1.564660, -0.064660, -0.355632
1.5357, 1.500000, 1.564660, -0.064660, -0.355632
1.5677, 1.500000, 1.564660, -0.064660, -0.355632
1.5997, 1.500000, 1.564660, -0.064660, -0.355632
1.6317, 1.500000, 1.564660, -0.064660, -0.355632
1.6637, 1.500000, 1.564660, -0.064660, -0.355632
1.6957, 1.500000, 1.564660, -0.064660, -0.355632
1.7277, 1.500000, 1.564660, -0.064660, -0.355632
1.7597, 1.500000, 1.563126, -0.063126, -0.324186
1.7917, 1.500000, 1.564660, -0.064660, -0.378642
1.8237, 1.500000, 1.564660, -0.064660, -0.355632
1.8557, 1.500000, 1.564660, -0.064660, -0.355632
1.8877, 1.500000, 1.564660, -0.064660, -0.355632
1.9197, 1.500000, 1.564660, -0.064660, -0.355632
1.9517, 1.500000, 1.564660, -0.064660, -0.355632
1.9837, 1.500000, 1.564660, -0.064660, -0.355632
2.0158, 1.500000, 1.564660, -0.064660, -0.355632
2.0477, 1.500000, 1.564660, -0.064660, -0.355632
2.0797, 1.500000, 1.564660, -0.064660, -0.355632
2.1118, 1.500000, 1.564660, -0.064660, -0.355632
2.1437, 1.500000, 1.564660, -0.064660, -0.355632
2.1757, 1.500000, 1.564660, -0.064660, -0.355632
2.2077, 1.500000, 1.564660, -0.064660, -0.355632
2.2396, 1.500000, 1.564660, -0.064660, -0.355632
2.2717, 1.500000, 1.564660, -0.064660, -0.355632
2.3037, 1.500000, 1.564660, -0.064660, -0.355632
2.3357, 1.500000, 1.564660, -0.064660, -0.355632
2.3677, 1.500000, 1.564660, -0.064660, -0.355632
2.3997, 1.500000, 1.564660, -0.064660, -0.355632
2.4317, 1.500000, 1.564660, -0.064660, -0.355632
2.4637, 1.500000, 1.564660, -0.064660, -0.355632
2.4957, 1.500000, 1.564660, -0.064660, -0.355632
2.5277, 1.500000, 1.564660, -0.064660, -0.355632
2.5597, 1.500000, 1.564660, -0.064660, -0.355632
2.5917, 1.500000, 1.564660, -0.064660, -0.355632
2.6237, 1.500000, 1.564660, -0.064660, -0.355632
2.6557, 1.500000, 1.564660, -0.064660, -0.355632
2.6876, 1.500000, 1.564660, -0.064660, -0.355632
2.7197, 1.500000, 1.564660, -0.064660, -0.355632
2.7516, 1.500000, 1.564660, -0.064660, -0.355632
2.7837, 1.500000, 1.564660, -0.064660, -0.355632
2.8156, 1.500000, 1.564660, -0.064660, -0.355632
2.8476, 1.500000, 1.563126, -0.063126, -0.324186
2.8796, 1.500000, 1.564660, -0.064660, -0.378642
2.9116, 1.500000, 1.564660, -0.064660, -0.355632
2.9436, 1.500000, 1.564660, -0.064660, -0.355632
2.9756, 1.500000, 1.564660, -0.064660, -0.355632
3.0076, 1.500000, 1.564660, -0.064660, -0.355632
3.0396, 1.500000, 1.564660, -0.064660, -0.355632
3.0716, 1.500000, 1.564660, -0.064660, -0.355632
3.1036, 1.500000, 1.564660, -0.064660, -0.355632
3.1356, 1.500000, 1.564660, -0.064660, -0.355632
3.1676, 1.500000, 1.564660, -0.064660, -0.355632
3.1996, 1.500000, 1.564660, -0.064660, -0.355632
3.2316, 1.500000, 1.564660, -0.064660, -0.355632
3.2636, 1.500000, 1.564660, -0.064660, -0.355632
3.2956, 1.500000, 1.564660, -0.064660, -0.355632
3.3276, 1.500000, 1.564660, -0.064660, -0.355632
3.3596, 1.500000, 1.564660, -0.064660, -0.355632
3.3916, 1.500000, 1.564660, -0.064660, -0.355632
3.4236, 1.500000, 1.564660, -0.064660, -0.355632
3.4556, 1.500000, 1.564660, -0.064660, -0.355632
3.4876, 1.500000, 1.564660, -0.064660, -0.355632
3.5196, 1.500000, 1.564660, -0.064660, -0.355632
3.5516, 1.500000, 1.564660, -0.064660, -0.355632
3.5836, 1.500000, 1.564660, -0.064660, -0.355632
3.6156, 1.500000, 1.564660, -0.064660, -0.355632
3.6476, 1.500000, 1.564660, -0.064660, -0.355632
3.6796, 1.500000, 1.564660, -0.064660, -0.355632
3.7116, 1.500000, 1.564660, -0.064660, -0.355632
3.7436, 1.500000, 1.564660, -0.064660, -0.355632
3.7756, 1.500000, 1.564660, -0.064660, -0.355632
3.8076, 1.500000, 1.564660, -0.064660, -0.355632
3.8396, 1.500000, 1.564660, -0.064660, -0.355632
3.8716, 1.500000, 1.564660, -0.064660, -0.355632
3.9035, 1.500000, 1.564660, -0.064660, -0.355632
3.9356, 1.500000, 1.564660, -0.064660, -0.355632
3.9676, 1.500000, 1.564660, -0.064660, -0.355632
3.9996, 1.500000, 1.564660, -0.064660, -0.355632
4.0316, 1.500000, 1.564660, -0.064660, -0.355632
4.0637, 1.500000, 1.564660, -0.064660, -0.355632
4.0955, 1.500000, 1.564660, -0.064660, -0.355632
4.1276, 1.500000, 1.564660, -0.064660, -0.355632
4.1595, 1.500000, 1.564660, -0.064660, -0.355632
4.1916, 1.500000, 1.564660, -0.064660, -0.355632
4.2236, 1.500000, 1.564660, -0.064660, -0.355632
4.2555, -0.600000, 1.564660, -2.164660, -5.000000
4.2875, -0.600000, 1.543185, -2.143185, -5.000000
4.3196, -0.600000, 1.412796, -2.012796, -5.000000
4.3516, -0.600000, 1.270136, -1.870136, -5.000000
4.3835, -0.600000, 1.122874, -1.722874, -5.000000
4.4156, -0.600000, 0.977146, -1.577146, -5.000000
4.4475, -0.600000, 0.832952, -1.432952, -5.000000
4.4795, -0.600000, 0.685689, -1.285689, -4.862359
4.5115, -0.600000, 0.539961, -1.139961, -4.083864
4.5435, -0.600000, 0.391165, -0.991165, -3.219466
4.5755, -0.600000, 0.240835, -0.840835, -2.369641
4.6075, -0.600000, 0.093573, -0.693573, -1.605718
4.6395, -0.600000, -0.059825, -0.540175, -0.669990
4.6715, -0.600000, -0.214757, -0.385243, 0.205146
4.7035, -0.600000, -0.362019, -0.237981, 0.900039
4.7355, -0.600000, -0.481670, -0.118330, 1.143942
4.7675, -0.600000, -0.562971, -0.037029, 1.015855
4.7995, -0.600000, -0.601320, 0.001320, 0.582505
4.8315, -0.600000, -0.605922, 0.005922, 0.101602
4.8635, -0.600000, -0.598253, -0.001747, -0.124660
4.8955, -0.600000, -0.598253, -0.001747, -0.009611
4.9275, -0.600000, -0.607456, 0.007456, 0.179068
4.9595, -0.600000, -0.615126, 0.015126, 0.198243
4.9915, -0.600000, -0.616660, 0.016660, 0.114641
5.0235, -0.600000, -0.616660, 0.016660, 0.091632
5.0555, -0.600000, -0.616660, 0.016660, 0.091632
5.0875, -0.600000, -0.616660, 0.016660, 0.091632
5.1195, -0.600000, -0.616660, 0.016660, 0.091632
5.1515, -0.600000, -0.616660, 0.016660, 0.091632
5.1835, -0.600000, -0.616660, 0.016660, 0.091632
5.2155, -0.600000, -0.616660, 0.016660, 0.091632
5.2475, -0.600000, -0.616660, 0.016660, 0.091632
5.2795, -0.600000, -0.616660, 0.016660, 0.091632
5.3115, -0.600000, -0.616660, 0.016660, 0.091632
5.3435, -0.600000, -0.616660, 0.016660, 0.091632
5.3755, -0.600000, -0.616660, 0.016660, 0.091632
5.4075, -0.600000, -0.616660, 0.016660, 0.091632
5.4395, -0.600000, -0.616660, 0.016660, 0.091632
5.4715, -0.600000, -0.616660, 0.016660, 0.091632
5.5035, -0.600000, -0.616660, 0.016660, 0.091632
5.5355, -0.600000, -0.616660, 0.016660, 0.091632
5.5675, -0.600000, -0.616660, 0.016660, 0.091632
5.5995, -0.600000, -0.616660, 0.016660, 0.091632
5.6314, -0.600000, -0.616660, 0.016660, 0.091632
5.6635, -0.600000, -0.616660, 0.016660, 0.091632
5.6955, -0.600000, -0.616660, 0.016660, 0.091632
5.7275, -0.600000, -0.616660, 0.016660, 0.091632
5.7595, -0.600000, -0.616660, 0.016660, 0.091632
5.7915, -0.600000, -0.616660, 0.016660, 0.091632
5.8235, -0.600000, -0.616660, 0.016660, 0.091632
5.8555, -0.600000, -0.616660, 0.016660, 0.091632
5.8875, -0.600000, -0.616660, 0.016660, 0.091632
5.9194, -0.600000, -0.616660, 0.016660, 0.091632
5.9515, -0.600000, -0.616660, 0.016660, 0.091632
5.9835, -0.600000, -0.616660, 0.016660, 0.091632
6.0155, -0.600000, -0.616660, 0.016660, 0.091632
6.0475, -0.600000, -0.616660, 0.016660, 0.091632
6.0795, -0.600000, -0.616660, 0.016660, 0.091632
6.1115, -0.600000, -0.616660, 0.016660, 0.091632
6.1435, -0.600000, -0.616660, 0.016660, 0.091632
6.1755, -0.600000, -0.616660, 0.016660, 0.091632
6.2075, -0.600000, -0.616660, 0.016660, 0.091632
6.2394, -0.600000, -0.616660, 0.016660, 0.091632
6.2714, -0.600000, -0.616660, 0.016660, 0.091632
6.3034, -0.600000, -0.616660, 0.016660, 0.091632
6.3355, -0.600000, -0.616660, 0.016660, 0.091632
6.3674, -0.600000, -0.616660, 0.016660, 0.091632
6.3994, -0.600000, -0.616660, 0.016660, 0.091632
6.4314, -0.600000, -0.616660, 0.016660, 0.091632
6.4634, -0.600000, -0.616660, 0.016660, 0.091632
6.4954, -0.600000, -0.616660, 0.016660, 0.091632
6.5274, -0.600000, -0.616660, 0.016660, 0.091632
6.5594, -0.600000, -0.616660, 0.016660, 0.091632
6.5914, -0.600000, -0.616660, 0.016660, 0.091632
6.6234, -0.600000, -0.616660, 0.016660, 0.091632
6.6554, -0.600000, -0.616660, 0.016660, 0.091632
6.6874, -0.600000, -0.616660, 0.016660, 0.091632
6.7194, -0.600000, -0.616660, 0.016660, 0.091632
6.7514, -0.600000, -0.616660, 0.016660, 0.091632
6.7834, -0.600000, -0.616660, 0.016660, 0.091632
6.8153, -0.600000, -0.616660, 0.016660, 0.091632
6.8474, -0.600000, -0.616660, 0.016660, 0.091632
6.8794, -0.600000, -0.616660, 0.016660, 0.091632
6.9114, -0.600000, -0.616660, 0.016660, 0.091632
6.9434, -0.600000, -0.616660, 0.016660, 0.091632
6.9753, -0.600000, -0.616660, 0.016660, 0.091632
7.0074, -0.600000, -0.616660, 0.016660, 0.091632
7.0394, -0.600000, -0.618194, 0.018194, 0.123078
7.0714, -0.600000, -0.616660, 0.016660, 0.068622
7.1034, -0.600000, -0.616660, 0.016660, 0.091632
7.1354, -0.600000, -0.616660, 0.016660, 0.091632
7.1674, -0.600000, -0.616660, 0.016660, 0.091632
7.1994, -0.600000, -0.616660, 0.016660, 0.091632
7.2314, -0.600000, -0.616660, 0.016660, 0.091632
7.2634, -0.600000, -0.616660, 0.016660, 0.091632
7.2954, -0.600000, -0.616660, 0.016660, 0.091632
7.3274, -0.600000, -0.616660, 0.016660, 0.091632
7.3594, -0.600000, -0.616660, 0.016660, 0.091632
7.3914, -0.600000, -0.616660, 0.016660, 0.091632
7.4234, -0.600000, -0.616660, 0.016660, 0.091632
7.4554, -0.600000, -0.616660, 0.016660, 0.091632
7.4874, -0.600000, -0.616660, 0.016660, 0.091632
7.5194, -0.600000, -0.616660, 0.016660, 0.091632
7.5514, -0.600000, -0.616660, 0.016660, 0.091632
7.5833, -0.600000, -0.616660, 0.016660, 0.091632
7.6154, -0.600000, -0.616660, 0.016660, 0.091632
7.6474, -0.600000, -0.616660, 0.016660, 0.091632
7.6794, -0.600000, -0.616660, 0.016660, 0.091632
7.7113, -0.600000, -0.616660, 0.016660, 0.091632
7.7434, -0.600000, -0.616660, 0.016660, 0.091632
7.7754, -0.600000, -0.616660, 0.016660, 0.091632
7.8074, -0.600000, -0.616660, 0.016660, 0.091632
7.8394, -0.600000, -0.616660, 0.016660, 0.091632
7.8714, -0.600000, -0.616660, 0.016660, 0.091632
7.9034, -0.600000, -0.616660, 0.016660, 0.091632
7.9354, -0.600000, -0.616660, 0.016660, 0.091632
7.9673, -0.600000, -0.616660, 0.016660, 0.091632
7.9993, -0.600000, -0.616660, 0.016660, 0.091632
8.0313, -0.600000, -0.616660, 0.016660, 0.091632
8.0633, -0.600000, -0.616660, 0.016660, 0.091632
8.0953, -0.600000, -0.616660, 0.016660, 0.091632
8.1273, -0.600000, -0.618194, 0.018194, 0.123078
8.1593, -0.600000, -0.616660, 0.016660, 0.068622
8.1913, -0.600000, -0.616660, 0.016660, 0.091632
8.2233, -0.600000, -0.616660, 0.016660, 0.091632
8.2553, -0.600000, -0.616660, 0.016660, 0.091632
8.2873, -0.600000, -0.616660, 0.016660, 0.091632
8.3193, -0.600000, -0.616660, 0.016660, 0.091632
8.3513, -0.600000, -0.616660, 0.016660, 0.091632
8.3833, -0.600000, -0.616660, 0.016660, 0.091632
8.4152, -0.600000, -0.616660, 0.016660, 0.091632
8.4472, -0.600000, -0.616660, 0.016660, 0.091632
8.4792, -0.600000, -0.616660, 0.016660, 0.091632
8.5112, -0.600000, -0.616660, 0.016660, 0.091632
8.5433, -0.600000, -0.616660, 0.016660, 0.091632
8.5753, -0.600000, -0.616660, 0.016660, 0.091632
8.6073, -0.600000, -0.616660, 0.016660, 0.091632
8.6393, -0.600000, -0.616660, 0.016660, 0.091632
8.6713, -0.600000, -0.616660, 0.016660, 0.091632
8.7033, -0.600000, -0.616660, 0.016660, 0.091632
8.7353, -0.600000, -0.616660, 0.016660, 0.091632
8.7673, -0.600000, -0.616660, 0.016660, 0.091632
8.7993, -0.600000, -0.616660, 0.016660, 0.091632
8.8313, -0.600000, -0.616660, 0.016660, 0.091632
8.8633, -0.600000, -0.616660, 0.016660, 0.091632
8.8953, -0.600000, -0.616660, 0.016660, 0.091632
8.9273, -0.600000, -0.616660, 0.016660, 0.091632
8.9593, -0.600000, -0.616660, 0.016660, 0.091632
8.9913, -0.600000, -0.616660, 0.016660, 0.091632
9.0232, -0.600000, -0.616660, 0.016660, 0.091632
9.0553, -0.600000, -0.616660, 0.016660, 0.091632
9.0873, -0.600000, -0.616660, 0.016660, 0.091632
9.1193, -0.600000, -0.616660, 0.016660, 0.091632
9.1513, -0.600000, -0.616660, 0.016660, 0.091632
9.1833, -0.600000, -0.616660, 0.016660, 0.091632
9.2153, -0.600000, -0.616660, 0.016660, 0.091632
